0.50 200.00
0.50 204.00
0.50 208.00
0.50 212.00
0.50 216.00
0.50 220.00
0.50 224.00
0.50 228.00
0.50 232.00
0.50 236.00
0.50 240.00
0.50 244.00
0.50 248.00
0.50 252.00
0.50 256.00
0.50 260.00
0.50 264.00
0.50 268.00
0.50 272.00
0.50 276.00
0.50 280.00
0.50 284.00
0.50 288.00
0.50 292.00
0.50 296.00
0.50 300.00
0.50 304.00
0.50 308.00
0.50 312.00
0.50 316.00
0.50 320.00
0.50 324.00
0.50 328.00
0.50 332.00
0.50 336.00
0.50 340.00
0.50 344.00
0.50 348.00
0.50 352.00
0.50 356.00
0.50 360.00
0.50 364.00
0.50 368.00
0.50 372.00
0.50 376.00
0.50 380.00
0.50 384.00
0.50 388.00
0.50 392.00
0.50 396.00
0.50 400.00
0.50 404.00
0.50 408.00
0.50 412.00
0.50 416.00
0.50 420.00
0.50 424.00
0.50 428.00
0.50 432.00
0.50 436.00
0.50 440.00
0.50 444.00
0.50 448.00
0.50 452.00
0.50 456.00
0.50 460.00
0.50 464.00
0.50 468.00
0.50 472.00
0.50 476.00
0.50 480.00
0.50 484.00
0.50 488.00
0.50 492.00
0.50 496.00
0.50 500.00
0.50 504.00
0.50 508.00
0.50 512.00
0.50 516.00
0.50 520.00
0.50 524.00
0.50 528.00
0.50 532.00
0.50 536.00
0.50 540.00
0.50 544.00
0.50 548.00
0.50 552.00
0.50 556.00
0.50 560.00
0.50 564.00
0.50 568.00
0.50 572.00
0.50 576.00
0.50 580.00
0.50 584.00
0.50 588.00
0.50 592.00
0.50 596.00
0.50 600.00
0.50 604.00
0.50 608.00
0.50 612.00
0.50 616.00
0.50 620.00
0.50 624.00
0.50 628.00
0.50 632.00
0.50 636.00
0.50 640.00
0.50 644.00
0.50 648.00
0.50 652.00
0.50 656.00
0.50 660.00
0.50 664.00
0.50 668.00
0.50 672.00
0.50 676.00
0.50 680.00
0.50 684.00
0.50 688.00
0.50 692.00
0.50 696.00
0.50 700.00
0.50 704.00
0.50 708.00
0.50 712.00
0.50 716.00
0.50 720.00
0.50 724.00
0.50 728.00
0.50 732.00
0.50 736.00
0.50 740.00
0.50 744.00
0.50 748.00
0.50 752.00
0.50 756.00
0.50 760.00
0.50 764.00
0.50 768.00
0.50 772.00
0.50 776.00
0.50 780.00
0.50 784.00
0.50 788.00
0.50 792.00
0.50 796.00
0.50 800.00
0.50 804.00
0.50 808.00
0.50 812.00
0.50 816.00
0.50 820.00
0.50 824.00
0.50 828.00
0.50 832.00
0.50 836.00
0.50 840.00
0.50 844.00
0.50 848.00
0.50 852.00
0.50 856.00
0.50 860.00
0.50 864.00
0.50 868.00
0.50 872.00
0.50 876.00
0.50 880.00
0.50 884.00
0.50 888.00
0.50 892.00
0.50 896.00
0.50 900.00
0.50 904.00
0.50 908.00
0.50 912.00
0.50 916.00
0.50 920.00
0.50 924.00
0.50 928.00
0.50 932.00
0.50 936.00
0.50 940.00
0.50 944.00
0.50 948.00
0.50 952.00
0.50 956.00
0.50 960.00
0.50 964.00
0.50 968.00
0.50 972.00
0.50 976.00
0.50 980.00
0.50 984.00
0.50 988.00
0.50 992.00
0.50 996.00
0.50 1000.00
0.50 1004.00
0.50 1008.00
0.50 1012.00
0.50 1016.00
0.50 1020.00
0.50 1024.00
0.50 1028.00
0.50 1032.00
0.50 1036.00
0.50 1040.00
0.50 1044.00
0.50 1048.00
0.50 1052.00
0.50 1056.00
0.50 1060.00
0.50 1064.00
0.50 1068.00
0.50 1072.00
0.50 1076.00
0.50 1080.00
0.50 1084.00
0.50 1088.00
0.50 1092.00
0.50 1096.00
0.50 1100.00
0.50 1104.00
0.50 1108.00
0.50 1112.00
0.50 1116.00
0.50 1120.00
0.50 1124.00
0.50 1128.00
0.50 1132.00
0.50 1136.00
0.50 1140.00
0.50 1144.00
0.50 1148.00
0.50 1152.00
0.50 1156.00
0.50 1160.00
0.50 1164.00
0.50 1168.00
0.50 1172.00
0.50 1176.00
0.50 1180.00
0.50 1184.00
0.50 1188.00
0.50 1192.00
0.50 1196.00
0.50 1200.00
0.50 1204.00
0.50 1208.00
0.50 1212.00
0.50 1216.00
0.50 1220.00
0.50 1224.00
0.50 1228.00
0.50 1232.00
0.50 1236.00
0.50 1240.00
0.50 1244.00
0.50 1248.00
0.50 1252.00
0.50 1256.00
0.50 1260.00
0.50 1264.00
0.50 1268.00
0.50 1272.00
0.50 1276.00
0.50 1280.00
0.50 1284.00
0.50 1288.00
0.50 1292.00
0.50 1296.00
0.50 1300.00
0.50 1304.00
0.50 1308.00
0.50 1312.00
0.50 1316.00
0.50 1320.00
0.50 1324.00
0.50 1328.00
0.50 1332.00
0.50 1336.00
0.50 1340.00
0.50 1344.00
0.50 1348.00
0.50 1352.00
0.50 1356.00
0.50 1360.00
0.50 1364.00
0.50 1368.00
0.50 1372.00
0.50 1376.00
0.50 1380.00
0.50 1384.00
0.50 1388.00
0.50 1392.00
0.50 1396.00
0.50 1400.00
0.50 1404.00
0.50 1408.00
0.50 1412.00
0.50 1416.00
0.50 1420.00
0.50 1424.00
0.50 1428.00
0.50 1432.00
0.50 1436.00
0.50 1440.00
0.50 1444.00
0.50 1448.00
0.50 1452.00
0.50 1456.00
0.50 1460.00
0.50 1464.00
0.50 1468.00
0.50 1472.00
0.50 1476.00
0.50 1480.00
0.50 1484.00
0.50 1488.00
0.50 1492.00
0.50 1496.00
0.50 1500.00
0.50 1504.00
0.50 1508.00
0.50 1512.00
0.50 1516.00
0.50 1520.00
0.50 1524.00
0.50 1528.00
0.50 1532.00
0.50 1536.00
0.50 1540.00
0.50 1544.00
0.50 1548.00
0.50 1552.00
0.50 1556.00
0.50 1560.00
0.50 1564.00
0.50 1568.00
0.50 1572.00
0.50 1576.00
0.50 1580.00
0.50 1584.00
0.50 1588.00
0.50 1592.00
0.50 1596.00
0.50 1600.00
0.50 1604.00
0.50 1608.00
0.50 1612.00
0.50 1616.00
0.50 1620.00
0.50 1624.00
0.50 1628.00
0.50 1632.00
0.50 1636.00
0.50 1640.00
0.50 1644.00
0.50 1648.00
0.50 1652.00
0.50 1656.00
0.50 1660.00
0.50 1664.00
0.50 1668.00
0.50 1672.00
0.50 1676.00
0.50 1680.00
0.50 1684.00
0.50 1688.00
0.50 1692.00
0.50 1696.00
0.50 1700.00
0.50 1704.00
0.50 1708.00
0.50 1712.00
0.50 1716.00
0.50 1720.00
0.50 1724.00
0.50 1728.00
0.50 1732.00
0.50 1736.00
0.50 1740.00
0.50 1744.00
0.50 1748.00
0.50 1752.00
0.50 1756.00
0.50 1760.00
0.50 1764.00
0.50 1768.00
0.50 1772.00
0.50 1776.00
0.50 1780.00
0.50 1784.00
0.50 1788.00
0.50 1792.00
0.50 1796.00
0.50 1800.00
0.50 1804.00
0.50 1808.00
0.50 1812.00
0.50 1816.00
0.50 1820.00
0.50 1824.00
0.50 1828.00
0.50 1832.00
0.50 1836.00
0.50 1840.00
0.50 1844.00
0.50 1848.00
0.50 1852.00
0.50 1856.00
0.50 1860.00
0.50 1864.00
0.50 1868.00
0.50 1872.00
0.50 1876.00
0.50 1880.00
0.50 1884.00
0.50 1888.00
0.50 1892.00
0.50 1896.00
0.50 1900.00
0.50 1904.00
0.50 1908.00
0.50 1912.00
0.50 1916.00
0.50 1920.00
0.50 1924.00
0.50 1928.00
0.50 1932.00
0.50 1936.00
0.50 1940.00
0.50 1944.00
0.50 1948.00
0.50 1952.00
0.50 1956.00
0.50 1960.00
0.50 1964.00
0.50 1968.00
0.50 1972.00
0.50 1976.00
0.50 1980.00
0.50 1984.00
0.50 1988.00
0.50 1992.00
0.50 1996.00
0.50 2000.00
0.50 2004.00
0.50 2008.00
0.50 2012.00
0.50 2016.00
0.50 2020.00
0.50 2024.00
0.50 2028.00
0.50 2032.00
0.50 2036.00
0.50 2040.00
0.50 2044.00
0.50 2048.00
0.50 2052.00
0.50 2056.00
0.50 2060.00
0.50 2064.00
0.50 2068.00
0.50 2072.00
0.50 2076.00
0.50 2080.00
0.50 2084.00
0.50 2088.00
0.50 2092.00
0.50 2096.00
0.50 2100.00
0.50 2104.00
0.50 2108.00
0.50 2112.00
0.50 2116.00
0.50 2120.00
0.50 2124.00
0.50 2128.00
0.50 2132.00
0.50 2136.00
0.50 2140.00
0.50 2144.00
0.50 2148.00
0.50 2152.00
0.50 2156.00
0.50 2160.00
0.50 2164.00
0.50 2168.00
0.50 2172.00
0.50 2176.00
0.50 2180.00
0.50 2184.00
0.50 2188.00
0.50 2192.00
0.50 2196.00
0.50 2200.00
0.50 2204.00
0.50 2208.00
0.50 2212.00
0.50 2216.00
0.50 2220.00
0.50 2224.00
0.50 2228.00
0.50 2232.00
0.50 2236.00
0.50 2240.00
0.50 2244.00
0.50 2248.00
0.50 2252.00
0.50 2256.00
0.50 2260.00
0.50 2264.00
0.50 2268.00
0.50 2272.00
0.50 2276.00
0.50 2280.00
0.50 2284.00
0.50 2288.00
0.50 2292.00
0.50 2296.00
0.50 2300.00
0.50 2304.00
0.50 2308.00
0.50 2312.00
0.50 2316.00
0.50 2320.00
0.50 2324.00
0.50 2328.00
0.50 2332.00
0.50 2336.00
0.50 2340.00
0.50 2344.00
0.50 2348.00
0.50 2352.00
0.50 2356.00
0.50 2360.00
0.50 2364.00
0.50 2368.00
0.50 2372.00
0.50 2376.00
0.50 2380.00
0.50 2384.00
0.50 2388.00
0.50 2392.00
0.50 2396.00
0.50 2400.00
0.50 2404.00
0.50 2408.00
0.50 2412.00
0.50 2416.00
0.50 2420.00
0.50 2424.00
0.50 2428.00
0.50 2432.00
0.50 2436.00
0.50 2440.00
0.50 2444.00
0.50 2448.00
0.50 2452.00
0.50 2456.00
0.50 2460.00
0.50 2464.00
0.50 2468.00
0.50 2472.00
0.50 2476.00
0.50 2480.00
0.50 2484.00
0.50 2488.00
0.50 2492.00
0.50 2496.00
0.50 2500.00
0.50 2504.00
0.50 2508.00
0.50 2512.00
0.50 2516.00
0.50 2520.00
0.50 2524.00
0.50 2528.00
0.50 2532.00
0.50 2536.00
0.50 2540.00
0.50 2544.00
0.50 2548.00
0.50 2552.00
0.50 2556.00
0.50 2560.00
0.50 2564.00
0.50 2568.00
0.50 2572.00
0.50 2576.00
0.50 2580.00
0.50 2584.00
0.50 2588.00
0.50 2592.00
0.50 2596.00
0.50 2600.00
0.50 2604.00
0.50 2608.00
0.50 2612.00
0.50 2616.00
0.50 2620.00
0.50 2624.00
0.50 2628.00
0.50 2632.00
0.50 2636.00
0.50 2640.00
0.50 2644.00
0.50 2648.00
0.50 2652.00
0.50 2656.00
0.50 2660.00
0.50 2664.00
0.50 2668.00
0.50 2672.00
0.50 2676.00
0.50 2680.00
0.50 2684.00
0.50 2688.00
0.50 2692.00
0.50 2696.00
0.50 2700.00
0.50 2704.00
0.50 2708.00
0.50 2712.00
0.50 2716.00
0.50 2720.00
0.50 2724.00
0.50 2728.00
0.50 2732.00
0.50 2736.00
0.50 2740.00
0.50 2744.00
0.50 2748.00
0.50 2752.00
0.50 2756.00
0.50 2760.00
0.50 2764.00
0.50 2768.00
0.50 2772.00
0.50 2776.00
0.50 2780.00
0.50 2784.00
0.50 2788.00
0.50 2792.00
0.50 2796.00
0.50 2800.00
0.50 2804.00
0.50 2808.00
0.50 2812.00
0.50 2816.00
0.50 2820.00
0.50 2824.00
0.50 2828.00
0.50 2832.00
0.50 2836.00
0.50 2840.00
0.50 2844.00
0.50 2848.00
0.50 2852.00
0.50 2856.00
0.50 2860.00
0.50 2864.00
0.50 2868.00
0.50 2872.00
0.50 2876.00
0.50 2880.00
0.50 2884.00
0.50 2888.00
0.50 2892.00
0.50 2896.00
0.50 2900.00
0.50 2904.00
0.50 2908.00
0.50 2912.00
0.50 2916.00
0.50 2920.00
0.50 2924.00
0.50 2928.00
0.50 2932.00
0.50 2936.00
0.50 2940.00
0.50 2944.00
0.50 2948.00
0.50 2952.00
0.50 2956.00
0.50 2960.00
0.50 2964.00
0.50 2968.00
0.50 2972.00
0.50 2976.00
0.50 2980.00
0.50 2984.00
0.50 2988.00
0.50 2992.00
0.50 2996.00
